4294967278,44
4294967278,42
4294967278,41
4294967278,33
4294967279,43
303,2
4294967278,310
4294967279,313
4294967278,320
4294967279,315
4294967278,353
4294967278,319
4294967279,328
4294967279,228
4294967279,367
4294967278,32
4294967278,31
4294967279,368
4294967278,229
4294967279,351
4294967278,340
4294967279,31
4294967278,207
4294967278,30
4294967278,334
4294967278,289
4294967279,30
4294967278,29
4294967278,282
4294967279,197
4294967278,331
4294967278,28
4294967279,310
4294967278,27
4294967279,301
4294967278,26
4294967279,26
4294967278,330
4294967278,25
4294967279,25
4294967278,24
4294967278,416
4294967278,389
4294967278,329
4294967279,24
4294967278,23
4294967278,22
4294967278,327
4294967278,326
4294967278,260
4294967278,21
4294967278,357
4294967278,418
4294967278,20
4294967278,19
4294967279,19
4294967279,309
4294967278,325
4294967278,219
4294967279,14
626,4
4294967279,308
314,3
4294967294,1425
4294967278,324
626,5
626,3
626,2
626,1
4294967279,307
4294967279,341
4294967279,306
4294967279,304
4294967279,317
4294967279,555
4294967278,312
4294967279,303
4294967278,321
314,2
314,7
314,6
314,5
314,4
4294967278,231
4294967278,421
625,4
4294967278,413
625,5
625,3
625,2
625,1
293,4
4294967278,419
304,2
310,2
309,2
309,4
300,4
306,4
302,4
301,4
303,4
337,4
338,4
338,5
4294967279,335
4294967279,299
4294967278,186
4294967278,185
4294967278,344
4294967279,294
624,7
624,6
624,5
624,4
624,3
624,2
624,1
4294967278,420
4294967278,168
4294967294,476
4294967294,1413
4294967294,161
620,4
620,3
620,2
620,1
619,4
619,3
619,2
619,1
4294967278,317
617,6
617,5
617,4
617,3
617,2
617,1
4294967278,315
4294967279,515
616,4
616,3
616,2
616,1
614,4
614,3
614,2
614,1
613,4
613,3
613,2
613,1
4294967278,295
612,4
612,3
612,2
612,1
4294967294,920
611,4
611,3
611,2
611,1
610,4
610,3
610,2
610,1
4294967279,362
609,4
609,3
609,2
609,1
4294967294,1418
4294967294,1419
608,6
4294967279,305
608,5
608,4
608,3
608,2
608,1
4294967278,351
4294967294,409
4294967294,1416
4294967294,399
4294967294,183
4294967294,191
4294967294,116
4294967294,400
4294967294,416
607,5
607,4
607,3
607,2
607,1
606,5
606,4
606,3
606,2
606,1
605,5
605,4
605,3
605,2
605,1
4294967294,480
603,4
603,3
603,2
603,1
4294967278,251
4294967278,345
4294967278,291
4294967294,901
4294967278,341
4294967294,168
4294967294,414
4294967294,919
4294967294,386
4294967279,522
4294967279,291
4294967294,1421
4294967279,289
602,7
602,6
602,5
602,4
602,3
602,2
602,1
4294967279,521
4294967278,268
598,4
598,3
598,2
598,1
4294967294,483
597,4
597,3
597,2
597,1
595,6
4294967279,285
595,5
595,4
595,3
595,2
595,1
4294967278,311
4294967278,308
4294967278,415
4294967278,407
4294967278,333
4294967278,364
4294967278,256
4294967278,417
4294967278,318
4294967279,353
4294967279,336
4294967279,348
4294967279,268
4294967279,365
4294967279,364
4294967279,238
4294967279,363
4294967279,52
4294967279,540
4294967279,44
4294967279,37
4294967279,34
4294967279,21
4294967279,339
4294967279,18
4294967279,274
4294967279,226
594,4
594,3
594,2
594,1
4294967279,282
4294967279,570
4294967279,209
592,4
592,3
592,2
592,1
591,4
591,3
591,2
591,1
590,4
590,3
590,2
590,1
4294967278,197
4294967278,196
589,4
589,3
589,2
589,1
588,4
588,3
588,2
588,1
587,4
587,3
587,2
587,1
4294967279,281
586,6
4294967279,182
586,5
586,4
586,3
586,2
586,1
4294967278,313
585,5
585,4
585,3
585,2
585,1
4294967278,307
4294967294,110
4294967279,220
584,5
584,4
584,3
584,2
584,1
4294967278,306
4294967279,525
583,5
583,4
583,3
583,2
583,1
4294967278,305
581,4
581,3
581,2
581,1
4294967278,304
4294967278,303
4294967279,276
4294967278,301
4294967278,300
4294967279,10
4294967279,338
4294967278,280
580,7
580,6
580,5
580,4
580,3
580,2
580,1
4294967279,344
4294967278,414
4294967279,242
4294967278,230
4294967279,225
4294967279,240
4294967294,454
4294967294,464
4294967278,332
576,4
576,3
576,2
576,1
4294967279,210
4294967279,208
4294967279,207
575,4
575,3
575,2
575,1
4294967278,203
4294967279,199
4294967279,349
573,6
4294967279,0
573,5
573,4
573,3
573,2
573,1
4294967279,322
4294967278,299
572,4
572,3
572,2
572,1
4294967278,183
4294967278,182
4294967278,181
4294967279,177
570,4
570,3
570,2
570,1
569,4
569,3
569,2
569,1
568,4
568,3
568,2
568,1
567,4
567,3
567,2
567,1
4294967294,918
4294967294,401
566,4
566,3
566,2
566,1
4294967279,524
565,4
565,3
565,2
565,1
564,6
564,5
564,4
564,3
564,2
564,1
4294967279,361
563,5
563,4
563,3
563,2
563,1
562,5
562,4
562,3
562,2
562,1
561,5
561,4
561,3
561,2
561,1
4294967294,482
4294967279,255
559,4
559,3
559,2
559,1
4294967294,395
4294967294,411
4294967294,184
4294967279,269
4294967278,390
4294967278,368
4294967294,392
4294967294,437
4294967279,244
4294967278,404
4294967278,233
4294967279,352
4294967279,47
4294967278,296
4294967278,222
558,7
558,6
558,5
558,4
558,3
558,2
558,1
4294967278,206
4294967279,206
4294967294,963
4294967294,421
4294967278,205
4294967279,205
4294967278,204
4294967279,204
4294967279,196
4294967278,195
4294967278,194
4294967279,194
4294967278,193
4294967278,191
4294967279,266
4294967278,179
554,4
554,3
554,2
554,1
4294967279,176
553,4
553,3
553,2
553,1
4294967279,170
4294967279,166
4294967294,120
551,6
4294967279,259
4294967294,388
4294967278,161
551,5
551,4
551,3
551,2
551,1
4294967279,252
4294967278,152
550,4
550,3
550,2
550,1
4294967279,251
4294967279,326
4294967279,143
4294967279,142
4294967294,1420
4294967279,141
548,4
4294967279,140
548,3
548,2
548,1
4294967279,542
4294967279,139
4294967279,138
4294967278,138
547,4
547,3
547,2
547,1
4294967279,136
4294967278,136
4294967279,135
4294967278,135
4294967279,134
546,4
4294967279,133
546,3
546,2
546,1
545,4
545,3
545,2
545,1
4294967279,283
4294967279,277
544,4
4294967279,265
544,3
544,2
544,1
4294967278,269
4294967279,264
4294967279,263
4294967279,262
543,4
543,3
543,2
543,1
4294967278,285
4294967279,258
4294967279,257
542,6
4294967279,254
542,5
4294967278,258
542,4
542,3
542,2
542,1
4294967279,246
541,5
541,4
541,3
541,2
541,1
540,5
540,4
540,3
540,2
540,1
4294967279,360
539,5
539,4
539,3
539,2
539,1
4294967278,292
4294967294,948
4294967294,468
4294967294,418
4294967294,111
4294967294,109
4294967294,451
4294967278,214
4294967279,234
537,4
537,3
537,2
537,1
4294967279,566
4294967279,359
4294967279,358
4294967279,347
4294967278,347
4294967278,266
4294967279,28
4294967278,379
4294967279,16
4294967279,532
4294967278,271
536,7
536,6
536,5
536,4
536,3
536,2
536,1
4294967279,232
4294967279,175
4294967278,173
4294967279,173
4294967278,167
4294967278,245
4294967278,162
4294967278,160
4294967294,173
4294967294,384
4294967294,403
4294967294,456
4294967278,147
532,4
532,3
532,2
532,1
531,4
531,3
531,2
531,1
4294967279,23
529,6
4294967278,274
529,5
529,4
529,3
529,2
529,1
4294967279,256
528,4
528,3
528,2
528,1
4294967279,253
4294967278,261
4294967278,278
4294967279,541
4294967278,257
4294967278,338
4294967278,337
4294967278,336
4294967279,314
526,4
526,3
526,2
526,1
525,4
525,3
525,2
525,1
524,4
524,3
524,2
524,1
4294967279,243
523,4
4294967278,240
523,3
523,2
523,1
4294967278,238
522,4
522,3
522,2
522,1
521,4
521,3
521,2
521,1
4294967279,227
520,6
4294967278,259
520,5
4294967278,213
520,4
520,3
520,2
520,1
4294967278,350
519,5
519,4
519,3
519,2
519,1
4294967279,334
4294967278,397
518,5
518,4
518,3
518,2
518,1
4294967279,319
4294967278,255
4294967279,546
4294967279,563
517,5
517,4
517,3
517,2
517,1
4294967294,396
4294967294,413
4294967294,407
4294967294,449
4294967294,412
4294967279,357
4294967278,184
4294967279,531
515,4
515,3
515,2
515,1
4294967279,530
4294967278,252
4294967279,559
4294967278,387
4294967294,114
4294967279,325
4294967278,383
4294967294,481
4294967279,296
4294967278,342
